0.47858333333333336 0.052833333333333336 0.5685833333333333 0.26816666666666666 0.003 0.469 0.27275 0.69825 0.8096666666666666 0.7903333333333333
0.2510833333333333 0.4196666666666667 0.0085 0.4821666666666667 0.6546666666666666 0.3431666666666667 0.66375 0.7794166666666666 0.21575 0.591
0.8214166666666667 0.4876666666666667 0.06041666666666667 0.6208333333333333 0.59025 0.11066666666666666 0.21608333333333332 0.6428333333333334 0.4025 0.047
0.5190833333333333 0.01325 0.2195 0.4569166666666667 0.41175 0.7885833333333333 0.0285 0.2715 0.7059166666666666 0.03225
0.5069166666666667 0.5371666666666667 0.32808333333333334 0.75975 0.49975 0.44283333333333336 0.5116666666666667 0.5865833333333333 0.27025 0.37175
0.26666666666666666 0.25608333333333333 0.7554166666666666 0.34475 0.4935833333333333 0.12116666666666667 0.17475 0.2833333333333333 0.03025 0.5743333333333334
0.71525 0.3219166666666667 0.03983333333333333 0.7245 0.10725 0.23575 0.3934166666666667 0.55625 0.6444166666666666 0.0915
0.786 0.5950833333333333 0.5653333333333334 0.68825 0.7341666666666666 0.61975 0.15966666666666668 0.0035833333333333333 0.6869166666666666 0.3560833333333333
0.09483333333333334 0.18 0.7665833333333333 0.04666666666666667 0.7415 0.7353333333333333 0.20275 0.8164166666666667 0.24183333333333334 0.7706666666666667
0.79475 0.46575 0.8095833333333333 0.16633333333333333 0.2836666666666667 0.29341666666666666 0.24658333333333332 0.29575 0.71125 0.41283333333333333
0.7745 0.8039166666666666 0.8315833333333333 0.20875 0.7895 0.20541666666666666 0.7315833333333334 0.8315833333333333 0.51975 0.4280833333333333
0.20741666666666667 0.6101666666666666 0.8195 0.096 0.3303333333333333 0.4741666666666667 0.64675 0.5345 0.35433333333333333 0.5599166666666666
0.46308333333333335 0.25275 0.46908333333333335 0.012 0.6605833333333333 0.6371666666666667 0.5496666666666666 0.6074166666666667 0.43933333333333335 0.40041666666666664
0.022583333333333334 0.8044166666666667 0.6785833333333333 0.4736666666666667 0.18808333333333332 0.3565833333333333 0.045 0.65525 0.28683333333333333 0.8203333333333334
0.7464166666666666 0.68475 0.1655 0.68525 0.1115 0.42825 0.04633333333333333 0.46 0.5688333333333333 0.15416666666666667
0.7210833333333333 0.09583333333333334 0.16691666666666666 0.4851666666666667 0.27291666666666664 0.14466666666666667 0.17466666666666666 0.04591666666666667 0.656 0.029916666666666668
