0.33541666666666664 0.30391666666666667 0.46908333333333335 0.42691666666666667 0.8249166666666666 0.5878333333333333 0.6981666666666667 0.5795833333333333 0.24583333333333332 0.7303333333333333 0.7445 0.029416666666666667 0.746 0.4675 0.832 0.42433333333333334
0.19691666666666666 0.24041666666666667 0.13266666666666665 0.25558333333333333 0.42525 0.6486666666666666 0.04716666666666667 0.6539166666666667 0.34425 0.12008333333333333 0.6391666666666667 0.6925833333333333 0.18183333333333335 0.5078333333333334 0.19325 0.197
0.32658333333333334 0.8006666666666666 0.26025 0.06158333333333333 0.40441666666666665 0.4085 0.4439166666666667 0.23875 0.4875833333333333 0.635 0.287 0.005333333333333333 0.19591666666666666 0.7886666666666666 0.45366666666666666 0.08516666666666667
0.44908333333333333 0.5175 0.45408333333333334 0.4935833333333333 0.035416666666666666 0.12975 0.8240833333333333 0.8244166666666667 0.51025 0.57525 0.49491666666666667 0.83 0.4574166666666667 0.6269166666666667 0.3174166666666667 0.05225
0.5333333333333333 0.5483333333333333 0.8021666666666667 0.03 0.6031666666666666 0.5598333333333333 0.8044166666666667 0.30483333333333335 0.4995 0.4895 0.64175 0.5043333333333333 0.06866666666666667 0.355 0.11775 0.8239166666666666
0.6766666666666666 0.42325 0.5280833333333333 0.489 0.7564166666666666 0.5663333333333334 0.46025 0.15658333333333332 0.10358333333333333 0.5480833333333334 0.22758333333333333 0.28441666666666665 0.013833333333333333 0.2625 0.6905833333333333 0.64275
0.76775 0.39175 0.6623333333333333 0.24633333333333332 0.45716666666666667 0.46091666666666664 0.30316666666666664 0.26758333333333334 0.8208333333333333 0.02825 0.5085 0.47808333333333336 0.5651666666666667 0.4534166666666667 0.018083333333333333 0.47475
0.66525 0.7540833333333333 0.17475 0.491 0.53525 0.020916666666666667 0.22191666666666668 0.15216666666666667 0.8051666666666667 0.631 0.04425 0.54375 0.47191666666666665 0.40725 0.07125 0.272
0.6088333333333333 0.22783333333333333 0.391 0.4359166666666667 0.7743333333333333 0.15725 0.40991666666666665 0.16575 0.41458333333333336 0.752 0.005 0.07275 0.194 0.08341666666666667 0.8010833333333334 0.6858333333333333
0.6655 0.2285 0.6333333333333333 0.7874166666666667 0.4900833333333333 0.3525 0.18225 0.03891666666666667 0.7825833333333333 0.6383333333333333 0.18425 0.436 0.36141666666666666 0.26758333333333334 0.5039166666666667 0.68575
0.42033333333333334 0.74675 0.14008333333333334 0.029 0.8175833333333333 0.7686666666666667 0.18758333333333332 0.07541666666666667 0.33866666666666667 0.12541666666666668 0.49 0.7185833333333334 0.673 0.03308333333333333 0.03325 0.5886666666666667
0.80925 0.631 0.5905 0.2595 0.5875 0.7719166666666667 0.3968333333333333 0.44825 0.30133333333333334 0.53 0.6765 0.321 0.6356666666666667 0.74125 0.3423333333333333 0.8109166666666666
0.0625 0.11575 0.3458333333333333 0.19716666666666666 0.25616666666666665 0.7518333333333334 0.24183333333333334 0.7421666666666666 0.3925 0.22383333333333333 0.598 0.37633333333333335 0.2455 0.21925 0.82225 0.8298333333333333
0.49733333333333335 0.6013333333333334 0.0355 0.04691666666666667 0.08641666666666667 0.5060833333333333 0.17383333333333334 0.042166666666666665 0.25766666666666665 0.7583333333333333 0.33891666666666664 0.6690833333333334 0.43425 0.4698333333333333 0.6990833333333333 0.40808333333333335
0.7334166666666667 0.7539166666666667 0.39058333333333334 0.47708333333333336 0.11683333333333333 0.5785833333333333 0.6139166666666667 0.7263333333333334 0.6515 0.14033333333333334 0.20808333333333334 0.5654166666666667 0.80125 0.3184166666666667 0.6736666666666666 0.822
0.32275 0.53625 0.4385833333333333 0.20508333333333334 0.07491666666666667 0.6911666666666667 0.5281666666666667 0.14566666666666667 0.10375 0.721 0.10733333333333334 0.6465 0.5763333333333334 0.67375 0.3005833333333333 0.7913333333333333
