0.49025 0.6221666666666666 0.7654166666666666 0.59 0.51975 0.0705 0.5005833333333334 0.38058333333333333 0.64825 0.4465 0.27758333333333335 0.38925 0.75375 0.6876666666666666 0.7394166666666667 0.15841666666666668
0.31825 0.572 0.07733333333333334 0.174 0.17833333333333334 0.40841666666666665 0.22808333333333333 0.7955 0.656 0.6313333333333333 0.443 0.19358333333333333 0.23141666666666666 0.6015 0.12183333333333334 0.7984166666666667
0.49816666666666665 0.06266666666666666 0.03525 0.26508333333333334 0.011583333333333333 0.5365833333333333 0.28258333333333335 0.53225 0.13658333333333333 0.5485833333333333 0.13141666666666665 0.7924166666666667 0.11641666666666667 0.59175 0.6025833333333334 0.08541666666666667
0.35625 0.7351666666666666 0.3160833333333333 0.10891666666666666 0.17375 0.6628333333333334 0.25908333333333333 0.49066666666666664 0.456 0.36975 0.80375 0.18683333333333332 0.09225 0.42725 0.45325 0.6428333333333334
0.20258333333333334 0.19433333333333333 0.5275833333333333 0.42525 0.38475 0.115 0.014333333333333333 0.016666666666666666 0.8128333333333333 0.38916666666666666 0.4221666666666667 0.07791666666666666 0.35383333333333333 0.27641666666666664 0.6514166666666666 0.40408333333333335
0.5494166666666667 0.8185 0.12558333333333332 0.47541666666666665 0.7985 0.39516666666666667 0.47475 0.24508333333333332 0.03808333333333333 0.08891666666666667 0.6441666666666667 0.6144166666666667 0.7748333333333334 0.43566666666666665 0.16208333333333333 0.5050833333333333
0.43725 0.62875 0.218 0.203 0.6104166666666667 0.7409166666666667 0.51125 0.018083333333333333 0.05683333333333333 0.36875 0.16 0.788 0.28725 0.14641666666666667 0.7709166666666667 0.30441666666666667
0.35225 0.10983333333333334 0.7870833333333334 0.31183333333333335 0.319 0.7954166666666667 0.4585 0.39166666666666666 0.5144166666666666 0.4975833333333333 0.5386666666666666 0.018666666666666668 0.39625 0.4815833333333333 0.6823333333333333 0.3254166666666667
0.455 0.18341666666666667 0.11975 0.82925 0.32725 0.34225 0.23583333333333334 0.5163333333333333 0.063 0.14208333333333334 0.3119166666666667 0.39516666666666667 0.817 0.6768333333333333 0.492 0.10708333333333334
0.4593333333333333 0.12058333333333333 0.28883333333333333 0.4648333333333333 0.19516666666666665 0.48633333333333334 0.7935833333333333 0.8104166666666667 0.18441666666666667 0.027416666666666666 0.24275 0.7010833333333333 0.30666666666666664 0.21675 0.5278333333333334 0.06225
0.57125 0.5215 0.5704166666666667 0.6289166666666667 0.44408333333333333 0.20591666666666666 0.2115 0.2705 0.14658333333333334 0.5288333333333334 0.020666666666666667 0.592 0.68175 0.68225 0.5731666666666667 0.5343333333333333
0.33075 0.50825 0.17475 0.0325 0.7470833333333333 0.1935 0.2841666666666667 0.26816666666666666 0.7646666666666667 0.5376666666666666 0.6186666666666667 0.4713333333333333 0.392 0.37375 0.36725 0.6868333333333333
0.101 0.27275 0.5424166666666667 0.6726666666666666 0.46825 0.8211666666666667 0.5079166666666667 0.09925 0.33866666666666667 0.33441666666666664 0.3010833333333333 0.5239166666666667 0.6145 0.23883333333333334 0.77575 0.31708333333333333
0.3393333333333333 0.18583333333333332 0.55125 0.06925 0.8244166666666667 0.7098333333333333 0.7350833333333333 0.21725 0.54925 0.04566666666666667 0.06041666666666667 0.14516666666666667 0.8164166666666667 0.6765833333333333 0.7113333333333334 0.6166666666666667
0.28691666666666665 0.21758333333333332 0.49875 0.23933333333333334 0.31908333333333333 0.7753333333333333 0.30666666666666664 0.05825 0.07191666666666667 0.7955833333333333 0.20316666666666666 0.7045 0.14975 0.21016666666666667 0.5531666666666667 0.5416666666666666
0.0775 0.001 0.50475 0.37983333333333336 0.5154166666666666 0.5838333333333333 0.0365 0.7625 0.4068333333333333 0.017583333333333333 0.637 0.6281666666666667 0.5043333333333333 0.6385 0.811 0.5005
0.5084166666666666 0.302 0.6808333333333333 0.2818333333333333 0.27975 0.5109166666666667 0.16275 0.3764166666666667 0.2255 0.7801666666666667 0.29133333333333333 0.2255 0.3934166666666667 0.5525833333333333 0.06491666666666666 0.81225
0.060333333333333336 0.41225 0.22375 0.5345833333333333 0.14008333333333334 0.3406666666666667 0.6109166666666667 0.6286666666666667 0.4483333333333333 0.4705 0.08616666666666667 0.12483333333333334 0.28833333333333333 0.37133333333333335 0.5933333333333334 0.6364166666666666
0.321 0.2205 0.7074166666666667 0.094 0.09908333333333333 0.588 0.5471666666666667 0.30091666666666667 0.27641666666666664 0.60825 0.68325 0.37183333333333335 0.25833333333333336 0.5993333333333334 0.7654166666666666 0.3154166666666667
0.8170833333333334 0.12391666666666666 0.69775 0.087 0.44783333333333336 0.052333333333333336 0.70875 0.14208333333333334 0.3834166666666667 0.6995833333333333 0.546 0.683 0.3799166666666667 0.40391666666666665 0.71275 0.7826666666666666
0.13033333333333333 0.06375 0.4088333333333333 0.7615833333333333 0.38608333333333333 0.71125 0.0735 0.6721666666666667 0.6768333333333333 0.7006666666666667 0.41691666666666666 0.28791666666666665 0.4994166666666667 0.56025 0.10908333333333334 0.6034166666666667
0.5379166666666667 0.7116666666666667 0.814 0.336 0.22566666666666665 0.6455833333333333 0.052583333333333336 0.5221666666666667 0.3586666666666667 0.5953333333333334 0.19683333333333333 0.389 0.20958333333333334 0.059 0.5358333333333334 0.16916666666666666
0.3395 0.50875 0.7750833333333333 0.6928333333333333 0.5869166666666666 0.1165 0.7683333333333333 0.8263333333333334 0.71325 0.17633333333333334 0.31416666666666665 0.8333333333333334 0.76675 0.5914166666666667 0.8245 0.135
0.27458333333333335 0.5294166666666666 0.5888333333333333 0.39125 0.5005833333333334 0.35883333333333334 0.5575 0.48375 0.24583333333333332 0.44666666666666666 0.6201666666666666 0.5669166666666666 0.18308333333333332 0.17658333333333334 0.5805 0.6665833333333333
0.02033333333333333 0.26358333333333334 0.7074166666666667 0.7046666666666667 0.76 0.16791666666666666 0.22908333333333333 0.3255 0.4056666666666667 0.8048333333333333 0.7264166666666667 0.15741666666666668 0.24858333333333332 0.5530833333333334 0.05591666666666667 0.80375
0.17366666666666666 0.5040833333333333 0.5456666666666666 0.71775 0.4588333333333333 0.7804166666666666 0.5254166666666666 0.03308333333333333 0.74225 0.303 0.5278333333333334 0.5186666666666667 0.36225 0.7055 0.503 0.7024166666666667
0.21425 0.193 0.09258333333333334 0.266 0.69625 0.7349166666666667 0.5319166666666667 0.5403333333333333 0.053 0.27308333333333334 0.54825 0.6136666666666667 0.6823333333333333 0.45816666666666667 0.6278333333333334 0.20108333333333334
0.8321666666666667 0.51475 0.1055 0.6079166666666667 0.14858333333333335 0.14175 0.0215 0.30833333333333335 0.7949166666666667 0.214 0.457 0.12041666666666667 0.14625 0.5055833333333334 0.42633333333333334 0.4435
0.5646666666666667 0.31833333333333336 0.07308333333333333 0.056416666666666664 0.26908333333333334 0.6510833333333333 0.5040833333333333 0.76575 0.0015 0.36916666666666664 0.78 0.16075 0.41291666666666665 0.63 0.5949166666666666 0.7344166666666667
0.06441666666666666 0.43616666666666665 0.07616666666666666 0.03308333333333333 0.162 0.4925833333333333 0.15266666666666667 0.8085833333333333 0.22358333333333333 0.35183333333333333 0.17683333333333334 0.6295833333333334 0.3428333333333333 0.013583333333333333 0.5016666666666667 0.6811666666666667
0.511 0.7599166666666667 0.18216666666666667 0.7553333333333333 0.1335 0.6965833333333333 0.49833333333333335 0.12733333333333333 0.5555833333333333 0.5509166666666667 0.06816666666666667 0.23816666666666667 0.042 0.7174166666666667 0.6511666666666667 0.8050833333333334
0.4755 0.07933333333333334 0.5846666666666667 0.5160833333333333 0.7019166666666666 0.39741666666666664 0.18575 0.5235833333333333 0.6844166666666667 0.058333333333333334 0.12666666666666668 0.49483333333333335 0.3844166666666667 0.4038333333333333 0.7349166666666667 0.6951666666666667
0.5191666666666667 0.38 0.7881666666666667 0.41441666666666666 0.6818333333333333 0.08316666666666667 0.6005833333333334 0.31716666666666665 0.5583333333333333 0.43033333333333335 0.32866666666666666 0.20441666666666666 0.13541666666666666 0.7244166666666667 0.40391666666666665 0.38625
0.17183333333333334 0.18183333333333335 0.13616666666666666 0.49975 0.4265833333333333 0.07816666666666666 0.7398333333333333 0.25116666666666665 0.7680833333333333 0.33616666666666667 0.6943333333333334 0.22925 0.07283333333333333 0.10175 0.40841666666666665 0.063
0.6540833333333333 0.135 0.26925 0.6144166666666667 0.7240833333333333 0.0805 0.5924166666666667 0.43133333333333335 0.38508333333333333 0.422 0.13025 0.464 0.4015 0.63775 0.6724166666666667 0.55125
0.7596666666666667 0.04616666666666667 0.06558333333333333 0.8058333333333333 0.5180833333333333 0.4980833333333333 0.7838333333333334 0.38433333333333336 0.5051666666666667 0.21258333333333335 0.47608333333333336 0.7864166666666667 0.066 0.81525 0.13783333333333334 0.6623333333333333
0.38333333333333336 0.15866666666666668 0.08675 0.7681666666666667 0.3730833333333333 0.6145833333333334 0.3224166666666667 0.3219166666666667 0.5269166666666667 0.14683333333333334 0.3313333333333333 0.7841666666666667 0.276 0.8269166666666666 0.19475 0.7365
0.03166666666666667 0.22041666666666668 0.05441666666666667 0.42916666666666664 0.3849166666666667 0.06308333333333334 0.22558333333333333 0.14275 0.11991666666666667 0.3214166666666667 0.04275 0.35133333333333333 0.34525 0.41941666666666666 0.5055833333333334 0.53675
0.32816666666666666 0.6404166666666666 0.58175 0.3010833333333333 0.2976666666666667 0.33058333333333334 0.09441666666666666 0.048666666666666664 0.19233333333333333 0.21658333333333332 0.71 0.7459166666666667 0.611 0.45916666666666667 0.231 0.41183333333333333
0.7050833333333333 0.583 0.7305 0.3835 0.1015 0.22291666666666668 0.06591666666666667 0.212 0.7516666666666667 0.2185 0.5145833333333333 0.4761666666666667 0.54875 0.36691666666666667 0.3035 0.19941666666666666
0.7615 0.65375 0.7 0.15916666666666668 0.09225 0.14083333333333334 0.6055 0.12658333333333333 0.21858333333333332 0.2981666666666667 0.60975 0.5505833333333333 0.54725 0.24958333333333332 0.44025 0.16591666666666666
0.67175 0.043916666666666666 0.668 0.7319166666666667 0.5406666666666666 0.09775 0.4075 0.5214166666666666 0.22333333333333333 0.8163333333333334 0.365 0.17125 0.6763333333333333 0.7974166666666667 0.29191666666666666 0.7818333333333334
0.069 0.62925 0.0605 0.3090833333333333 0.060083333333333336 0.6529166666666667 0.2485 0.7583333333333333 0.08725 0.14175 0.1245 0.2891666666666667 0.22141666666666668 0.438 0.10691666666666666 0.51275
0.031 0.2743333333333333 0.35691666666666666 0.5295 0.42691666666666667 0.2125 0.46958333333333335 0.06066666666666667 0.5015833333333334 0.5438333333333333 0.6615833333333333 0.33616666666666667 0.6260833333333333 0.36975 0.8000833333333334 0.3471666666666667
0.461 0.7276666666666667 0.8324166666666667 0.7379166666666667 0.7461666666666666 0.09983333333333333 0.7659166666666667 0.6940833333333334 0.28675 0.1495 0.06575 0.48741666666666666 0.17658333333333334 0.7646666666666667 0.29691666666666666 0.6105
0.022083333333333333 0.5238333333333334 0.5836666666666667 0.35433333333333333 0.27908333333333335 0.14008333333333334 0.36583333333333334 0.5834166666666667 0.15325 0.80675 0.30833333333333335 0.4320833333333333 0.7175 0.3065 0.6279166666666667 0.4835833333333333
0.8125833333333333 0.5384166666666667 0.3159166666666667 0.3476666666666667 0.635 0.41433333333333333 0.24616666666666667 0.8154166666666667 0.3234166666666667 0.08333333333333333 0.6455 0.2841666666666667 0.05408333333333333 0.43375 0.2836666666666667 0.8291666666666667
0.6193333333333333 0.13141666666666665 0.53325 0.6790833333333334 0.81525 0.27058333333333334 0.35533333333333333 0.5314166666666666 0.5878333333333333 0.3055833333333333 0.52125 0.08508333333333333 0.6618333333333334 0.25633333333333336 0.7625 0.6739166666666667
0.4741666666666667 0.6059166666666667 0.8089166666666666 0.38466666666666666 0.6625 0.10933333333333334 0.20575 0.06583333333333333 0.015166666666666667 0.8141666666666667 0.6294166666666666 0.45375 0.6835 0.596 0.47725 0.7648333333333334
0.6716666666666666 0.13891666666666666 0.18841666666666668 0.5845 0.3090833333333333 0.49683333333333335 0.23875 0.0845 0.665 0.31225 0.27566666666666667 0.5938333333333333 0.244 0.39558333333333334 0.6896666666666667 0.27991666666666665
0.6294166666666666 0.08183333333333333 0.6753333333333333 0.22033333333333333 0.20633333333333334 0.6048333333333333 0.23275 0.18291666666666667 0.29233333333333333 0.3605833333333333 0.39691666666666664 0.4638333333333333 0.07475 0.31383333333333335 0.16191666666666665 0.4655
0.20116666666666666 0.44858333333333333 0.12491666666666666 0.7593333333333333 0.0595 0.6869166666666666 0.451 0.5975833333333334 0.41083333333333333 0.6685833333333333 0.5120833333333333 0.431 0.5175 0.417 0.701 0.05325
0.5748333333333333 0.44766666666666666 0.29008333333333336 0.023666666666666666 0.32325 0.6481666666666667 0.17366666666666666 0.321 0.23525 0.292 0.7776666666666666 0.7958333333333333 0.41833333333333333 0.61525 0.39266666666666666 0.4870833333333333
0.42916666666666664 0.40258333333333335 0.5129166666666667 0.43383333333333335 0.5113333333333333 0.631 0.7225833333333334 0.47708333333333336 0.625 0.5138333333333334 0.013833333333333333 0.6161666666666666 0.41741666666666666 0.45508333333333334 0.00475 0.30091666666666667
0.06308333333333334 0.622 0.18358333333333332 0.17491666666666666 0.45416666666666666 0.11541666666666667 0.44408333333333333 0.5803333333333334 0.67625 0.04 0.4643333333333333 0.62175 0.467 0.058083333333333334 0.733 0.7643333333333333
0.2891666666666667 0.5055833333333334 0.21541666666666667 0.35 0.35941666666666666 0.27158333333333334 0.31983333333333336 0.4671666666666667 0.06925 0.183 0.41975 0.04425 0.5820833333333333 0.31466666666666665 0.09016666666666667 0.14275
0.8033333333333333 0.045 0.277 0.06333333333333334 0.2455 0.584 0.3258333333333333 0.12825 0.01375 0.25066666666666665 0.14966666666666667 0.5390833333333334 0.31683333333333336 0.41941666666666666 0.7265 0.68725
0.2935833333333333 0.3745 0.102 0.40908333333333335 0.15475 0.034666666666666665 0.6733333333333333 0.5083333333333333 0.38708333333333333 0.5105833333333333 0.0425 0.6340833333333333 0.5325833333333333 0.6544166666666666 0.4360833333333333 0.06758333333333333
0.7065833333333333 0.7290833333333333 0.46358333333333335 0.31683333333333336 0.24733333333333332 0.7491666666666666 0.011833333333333333 0.20441666666666666 0.43616666666666665 0.6818333333333333 0.30983333333333335 0.4805833333333333 0.76525 0.029416666666666667 0.030416666666666668 0.2975833333333333
0.7433333333333333 0.22616666666666665 0.4206666666666667 0.8329166666666666 0.10966666666666666 0.7174166666666667 0.08833333333333333 0.3978333333333333 0.23633333333333334 0.6368333333333334 0.7691666666666667 0.24091666666666667 0.5426666666666666 0.18483333333333332 0.094 0.6505
0.5585833333333333 0.3795 0.5526666666666666 0.823 0.40025 0.572 0.5484166666666667 0.5795 0.4736666666666667 0.013833333333333333 0.7103333333333334 0.09741666666666667 0.10925 0.7389166666666667 0.09925 0.7386666666666667
0.41291666666666665 0.7105 0.25533333333333336 0.027916666666666666 0.39116666666666666 0.4235 0.29125 0.23283333333333334 0.7833333333333333 0.4021666666666667 0.03816666666666667 0.5784166666666667 0.4708333333333333 0.80275 0.5066666666666667 0.5129166666666667
0.20975 0.4625 0.4191666666666667 0.050583333333333334 0.3000833333333333 0.6073333333333333 0.06191666666666667 0.6771666666666667 0.3769166666666667 0.7683333333333333 0.09333333333333334 0.13333333333333333 0.6989166666666666 0.2813333333333333 0.04925 0.07016666666666667
0.44 0.6095833333333334 0.051583333333333335 0.3050833333333333 0.6359166666666667 0.022416666666666668 0.5686666666666667 0.3293333333333333 0.5319166666666667 0.12116666666666667 0.28683333333333333 0.05225 0.3388333333333333 0.008166666666666666 0.16375 0.5744166666666667
